1 9940608679191809117 0 16 a37JncCHryDsbzay
2 5445453976293581589 0 9 4cBWDxS22
3 9460039308078930525 0 31 jzhMaiRrV41mtzxlYvKWrO72tK0LK0e
4 9818452644693792139 0 14 zLOZ2nOXpPIhMF
5 17254380588440830874 0 22 v8kP07U20o0J90xA0GWXII
6 11450350198329920028 0 19 o7J4ogHFZQxwQ2RQ0DR
7 15617830599101464989 0 22 KRETPVzxlFrXL8b7mtKLHI
8 1186832616558585675 0 11 hIh5JuWcFwr
9 11504250217979457894 0 29 JKdE3t5bECALy3eKIwYxEF3V7Z8KT
10 7443932442114894895 0 20 0nFe1IX5tjH22F5gXOa5
11 6312421862740137353 0 21 nIMIQuOiNJj8YL8rqDiZS
12 1233969301606972722 0 23 ZfoEDAmGTXXqqvkCd5WKE2f
13 16810236722450181721 0 18 tVXa2zKae6opGY4i6b
14 15180696799364272243 0 20 uUG67LaSXd5tUbO4bNPB
15 15918109625659632924 0 29 TxnkWrSaQyUuEa0X9Q5mVwG4JLgei
16 12203726407390192234 0 20 eBlQtFFJpgHJYTrWz0w2
17 17769667331698881457 0 28 Qw1UFK8u2yWBjw3yCMlqc4M3tt2u
18 6842109600235206217 0 13 4cDzdiEvq8vmf
19 7100406624234234271 0 13 TZAPjUAZ6Cu86
20 3001110617155217606 0 29 AyYDamCCSQ7GX33A8WhGwRk40pHux
21 11817022243300812356 0 16 f5JEItyS3QrBgOCh
22 10898706326812703684 0 18 KCDa6eIAd7RV4mBA5N
23 4341935251598319120 0 21 xJt0jk9N6L5cdFnDLSWV3
24 13413686334628366127 0 22 vYghhol4EgN5e4poSt7VVl
25 13419015104812716630 0 23 Jw5jSYm4TKi92Ws4iYQoCSb
26 5601783040026075150 0 29 sV6Nyp5Fl8wCfiE81uF1O736dRsou
27 453264018585025047 0 28 mmxq8tfB7PK3Zzmn5lhLm5Qn92F2
28 3248122311613715 0 21 9UatPR1G4DNRVR0SBlXwQ
29 576254938718169063 0 23 gTFRdHgd5n5ffS4gi9r6YKV
30 2347968157321966602 0 22 mgIIaj8ECLfncKQh5TLkvP
31 3195457986388902693 0 10 cYEg5ZBeJp
32 16226920833774267213 0 17 bNdiZq3CbeW2JcTeK
33 7669227717861353349 0 26 4j1ayffXqHqdCQ0n8Xb9jDnEF7
34 2729507918665373113 0 18 ij85ls4MqjzLXF9APZ
35 3353680455458912351 0 8 CffopP1a
36 3971086854681522796 0 25 EfRuPX0AP2UDmSWHhgS6DaIrE
37 14331120586925620672 0 31 eb5EEJudCHACPYCulwMIE1wg57ENyQS
38 6732926052332181717 0 12 1VpFnjqz019P
39 8962973735249394604 0 16 LHIIbYWaSAfaM3Wn
40 2709730195650663830 0 22 7oyw2jdsibrryODEhTpFzQ
41 757520349347047810 0 30 73GT6kGXr5Ul7DOxwxplwDyAuRx8OL
42 3539534514778938501 0 14 VP2zTmDzeITNNe
43 10017256923428883186 0 15 LYh8KbLIjEihK40
44 3404938638826769763 0 28 aNAXrwkoY1HwMtgfSLnmx72gLiLf
45 7064453047230680024 0 10 KlLhtsWpaK
46 2745350092996214437 0 18 ZZGwTubvFNhAUhppQA
47 206219360984098611 0 17 DSBYA4OetwzDWYTQz
48 9511372296012724549 0 30 zubMZlqHadfj3sBEOJIkyAevNATpYR
49 16478580681246025241 0 22 YLlutVj85MnoOfyc1HvlF3
50 8196895539003014619 0 9 8QYaD41Oc
51 7041762886205157561 0 12 7VDcELgY8Swl
52 10192590630926279759 0 22 XmiQVvTt4rPe5RdR4xYXB9
53 9005137571946369098 0 16 UpHdHCMgj7O7aHaR
54 16665146892076914084 0 14 RovWGYvKUUrfba
55 13399712929409644025 0 27 Qpif15LiChpkxNCGp0AJGgFYAhP
56 1225321401932855906 0 20 IxvgndJmgfTqKGbHenWR
57 9041786872618515391 0 17 gk2KxaVeyGuv9Yins
58 5503519971024672734 0 15 RVwIpCt7qedHPH0
59 12477930692591931398 0 26 bx04awLSrS1YFr1fMvx97oGwQr
60 200923406414836473 0 32 p89Di5Bmf757yY6UlvTQHOLRU9fQZXZN
61 7742019796945161685 0 11 hYLmj6RqBWm
62 11722176305228113989 0 19 bHRWkrm9BBbIqzqLYDz
63 1069711083026086024 0 9 jK1SQQIav
64 15369743522337823090 0 25 HWJi22Ym9jxkzojp7F06TjRUB
65 1859229583840943592 0 28 tRPoUfKlLKnr7uY2eYqLNwbO247R
66 15130601449434579998 0 25 HHNieBAHTwdohUtc3vEbkYyg9
67 4681703081547142091 0 14 iBS8fjP3P1EYJi
68 7966159894690270148 0 27 wU9ONjRGw00UxgbHNmjVRQsUotj
69 13232158354588067416 0 8 APo4txTE
70 15283744328126221258 0 31 sUbrT3o9e5UQnxpBnIzfzLpO9uF5LTi
71 4830211749875302884 0 20 vH4OKqWywyMhw9sjRsOQ
72 14415377660098448798 0 8 CmL61ORS
73 13951036771635877033 0 24 cONfmhVGdPFx6B4xsWpFu0Rh
74 409396867552273118 0 16 Vihu9nWX89HndWQ2
75 6169728040181650686 0 18 L7uQ4mutzmrQT9tAqn
76 6971320213840695846 0 21 cIoiR3W4Zw5KGCCeExW5w
77 8702759978128591301 0 29 wLm5Euu2BUKzCj0ioadrsr15VF21K
78 6084011180207406642 0 21 HEH1KWvCY6es3qb2XNa8C
79 7260583269861860307 0 8 zDVUSVTm
80 10725525929507589900 0 15 i1jkJFfTlk7blvB
81 9758231987820944719 0 18 SYLajmXwHzNlS7DB6u
82 11348773657276282262 0 29 P8WqtGvV0rglHC5qtrNq6NBrnI2wP
83 1065758843584062781 0 13 pm3MbuaWPYN3K
84 12237914990611659698 0 29 EPT5EqtKB4CzNEtk9jWC377dcUCzW
85 11953398779362532914 0 18 cir5n5uhP5jZ26mwov
86 8354176551430384674 0 13 J6gOBH0dR09ta
87 12442914369821003767 0 32 kebnWGBZzkc4WWsQ9BWnah2aKUYSN7F6
88 2150253636635232573 0 29 qtF62o6nO8Hu0h1CBmkspKBJrbeyq
89 14876385858671786704 0 21 hfcwjekpP9vf1wM36YpqO
90 10386098901661976256 0 25 8Xvz8YvxIccsWLVH9sO4XNyuO
91 10625303766125163695 0 21 QCuoo3Ki0SGwNWYxP5JsK
92 11705180206697014309 0 31 kgSG3R8QVYcOKQRc8R5ONQvuOIxf8H5
93 12726771610011929681 0 17 vV6wwEMQkyo3PFfVe
94 6119733506179431813 0 18 u09nuV3rAB6F1zk6vf
95 7835064480433878993 0 24 I51Gt2d6f9kO1iVocyrR80VL
96 13246498666654069082 0 20 U35QiOglPweRai6hTSi9
97 13815151472260899684 0 19 WmtLB1LfKK9OQX6mDsB
98 17239341782577246217 0 11 UagDgNe75n0
99 4711181387015028482 0 9 XuujtDMEX
100 11159356040550075583 0 32 cv1ghCYqK1Q0E5NqAQbAz94tqw4CAafk
101 7064453047230680024 1 
102 15283744328126221258 1 
103 6084011180207406642 0 13 9yQAATV0dublt
104 488926526829448094 0 16 lYkpiuPMet042r11
105 8961855155693814889 2 
106 5601783040026075150 1 
107 13737818385800935493 1 
108 2347968157321966602 1 
109 172604119302338528 0 12 TWfFON39unwa
110 11504250217979457894 2 
111 5503519971024672734 0 24 xLFmNGlIguQYVV01AFNWIWO5
112 10017256923428883186 1 
113 2446641084566075100 0 9 v3yqODcjR
114 10411263058435466690 2 
115 10625303766125163695 0 18 Qelvcl4r8Y7dwC4sup
116 206219360984098611 1 
117 10463762734668967121 0 9 J0E1Pa3Vq
118 15130601449434579998 1 
119 13815151472260899684 1 
120 9818452644693792139 1 
121 4711181387015028482 1 
122 9758231987820944719 1 
123 488926526829448094 1 
124 9818452644693792139 1 
125 200923406414836473 1 
126 15283744328126221258 1 
127 11504250217979457894 1 
128 9041786872618515391 1 
129 11504250217979457894 1 
130 18406444709137991229 1 
131 12726771610011929681 1 
132 7443932442114894895 1 
133 5593486310667837123 0 27 QgInPb9x14c3sT8ZC14si8pKQmO
134 10625303766125163695 1 
135 8196895539003014619 1 
136 1982152120241003057 2 
137 17239341782577246217 1 
138 8823404013710507460 0 16 q4tp8VrzwxY8yaye
139 3195457986388902693 1 
140 757520349347047810 1 
141 8196827297101795158 0 31 OJHLToaOlOTcEZ65Y2259yf7dMtaQRt
142 8322446874328132262 1 
143 9865012264250894649 0 27 8Cxibi62IKbON8PNDYMqdxAXVbw
144 8253570714055663255 0 20 fXWsUERAITSd2ryAEMLk
145 13260262846529258641 1 
146 5214040831499904403 0 14 dKs6vpUHU1nKTz
147 2709730195650663830 0 11 A6tDvpN7Bjr
148 11450350198329920028 1 
149 9350148106619222980 0 32 D5W9szOK0CdS9M5PX9Gk2657Fmy5f9Tr
150 13413686334628366127 1 
151 10625303766125163695 1 
152 577044808296490763 1 
153 3812758703280792259 0 22 xYzPgMT3raKZbOeidPhg4o
154 11090801564854825195 1 
155 14869129284561764049 0 28 8t47GQ2mQQQmtUbRmA2AmllBQQEE
156 1225321401932855906 1 
157 576254938718169063 0 9 GlFglz6BO
158 14415377660098448798 1 
159 1005475057495444793 0 26 UeZWmMFXVdxjpTr19oHs1ye04n
160 9865012264250894649 1 
161 13790517943017439494 1 
162 4830211749875302884 1 
163 15617830599101464989 1 
164 8702759978128591301 1 
165 10625303766125163695 1 
166 10017256923428883186 1 
167 15180696799364272243 1 
168 11348773657276282262 2 
169 15130601449434579998 1 
170 14699254820027774280 2 
171 8702759978128591301 0 11 mV5k73muQhk
172 16164943232038845062 0 12 2Rur18t7pW9E
173 7064453047230680024 1 
174 8999385075287948361 0 9 GYGlbyqfk
175 18331668634368793276 0 32 STfSW4KL6QEBDiKSiywAFTQy2Oph8YiY
176 172604119302338528 0 26 XQGqUg4gsl0KRxGbAhz8kNxPTT
177 10898463283326405119 0 31 VUw0uBrPpt3he315yGe8xdHhyC5SgDQ
178 200923406414836473 1 
179 15652117683197128272 0 17 ZV0wLsz2U14azIE8F
180 6119733506179431813 1 
181 5964705069927263136 1 
182 10192590630926279759 1 
183 13399712929409644025 1 
184 11116626325607769641 1 
185 4555970128917980397 1 
186 7763085596797828539 2 
187 8196895539003014619 1 
188 1115103619404577694 0 12 PSQMnILonKsL
189 15918109625659632924 0 22 QNNlICGGQSR3kJ0ChSd3Gv
190 16478580681246025241 0 18 hs1z0ZNNu6e6MuVoKY
191 5503519971024672734 1 
192 9865012264250894649 1 
193 16450302451444242525 0 12 MLEGiGwN8wK8
194 10192590630926279759 0 20 Nl8U70zuKXRw3AE3XYGl
195 14876385858671786704 1 
196 5254814558560554869 0 27 dbvj4aDSLLuQKrKeOlYPunSRLgA
197 2729507918665373113 1 
198 9005137571946369098 2 
199 8196895539003014619 1 
200 11450350198329920028 2 
201 1115103619404577694 1 
202 8196895539003014619 0 25 4pIOgd12MZRGMsffYpChdIV4H
203 3141980047391475150 1 
204 2446641084566075100 1 
205 13413686334628366127 1 
206 6877509504410073343 1 
207 9460039308078930525 1 
208 14466250220520028218 0 12 zaC1wjRB4Joj
209 12726771610011929681 1 
210 10227835638537226302 1 
211 8253570714055663255 1 
212 460201044316443228 0 25 JS1qIjJzWcyhZYrYSaxbeEQM4
213 7319388019801031452 1 
214 10853014745134071428 1 
215 6842109600235206217 1 
216 13246498666654069082 1 
217 16164943232038845062 0 13 O9Gg6mG2RpaGL
218 8999385075287948361 1 
219 488926526829448094 1 
220 7516000733786039401 0 30 2pZ236JSerIBDPRrVC7Xbu5sE6jXgC
221 8253570714055663255 1 
222 15180696799364272243 1 
223 4166499642273392141 0 15 i1TMqkV19vtd7y8
224 16665146892076914084 0 24 a5IHcwSecQEKRxLtH9dn8kgz
225 6119733506179431813 1 
226 8476549134020277056 2 
227 14415377660098448798 1 
228 10100316311072480477 0 29 2u0HUwj8Y7LqZIBQXI3IQlyQ9jMdB
229 460201044316443228 1 
230 16152647924835816773 1 
231 15157016041120388737 1 
232 2253230954276589416 1 
233 13951036771635877033 0 22 CdlJybqEkGk0H0O3zmAg8n
234 13025762285314514709 2 
235 11953398779362532914 0 30 IPXnchPLyLupYc3IaJIyKFlSwrFn7J
236 16226920833774267213 0 10 NBI4ab0vVp
237 11953398779362532914 1 
238 16207560201513581989 2 
239 8283272231955621475 0 26 80bQDMs9C7vJQlg66rM8Px8JQw
240 2408928128153883406 0 13 nU8tSjJf4BnGG
241 15180696799364272243 0 28 TFiZ54hU1pnPjYsU00NShe5lpsz3
242 10386098901661976256 1 
243 11504250217979457894 0 20 PYrRDJQ37pkdfFdfc3LH
244 2743242915897308949 1 
245 13232158354588067416 1 
246 11028156322704539546 2 
247 14357679049152838013 0 18 ZcnZMD7DcLX3Mcq6FW
248 7064453047230680024 0 19 wtUDzZFydNWDB5aMCly
249 14466250220520028218 1 
250 9629615364157982287 0 8 qqw5MHvV
251 13951036771635877033 1 
252 9511372296012724549 1 
253 4830211749875302884 1 
254 17656182725355618995 0 24 8zGLAJtUUfRztQpkGlnc2h6E
255 7100406624234234271 0 9 FbEyjCC2K
256 11953398779362532914 1 
257 13232158354588067416 1 
258 9041786872618515391 1 
259 1411127401509343649 0 25 emAtXwTYdZk6dKKCXIvjSw3yq
260 10625303766125163695 1 
261 10866300387668079449 1 
262 17656182725355618995 1 
263 9350148106619222980 1 
264 13232158354588067416 1 
265 7675973053800004269 0 9 s3gVdObGg
266 6119733506179431813 2 
267 15180696799364272243 1 
268 7100406624234234271 1 
269 4341935251598319120 1 
270 16478580681246025241 1 
271 985353423489764817 0 26 VTpNFYzB871BlWm951ozSz8muk
272 18331668634368793276 2 
273 11953398779362532914 1 
274 16450302451444242525 1 
275 12203726407390192234 1 
276 1506841220612668022 1 
277 6732926052332181717 1 
278 7675973053800004269 1 
279 3248122311613715 0 21 BvSv3VwrSMqb9iJAWcF5O
280 8196827297101795158 1 
281 16317987906962545289 1 
282 13322508796721516000 0 29 cTNmPWhpQkLMbnjSMq8gyfIBkhyCC
283 13399712929409644025 0 23 yuYLOGBoyU9aFq0cg8GclYn
284 6119733506179431813 2 
285 7064453047230680024 2 
286 14869129284561764049 1 
287 4341935251598319120 1 
288 6257498208335826607 2 
289 2745350092996214437 0 12 VvgJtASRQIR0
290 4341935251598319120 1 
291 7064453047230680024 1 
292 5593486310667837123 2 
293 1212987445796407866 0 9 03VMHhURo
294 7210853430388973009 0 29 J6bayk3P8Jp8ENMmg84T68wSNcxnQ
295 14134803212806547538 0 11 hBJH93IYBaN
296 11348773657276282262 1 
297 2100865044632852303 1 
298 6169728040181650686 1 
299 16164943232038845062 0 8 qqllH6NC
300 14134803212806547538 1 
301 11323818384045174478 0 24 SRvjaw078aSNO9zwWjZKXI3m
302 5174085438056414154 0 29 yGBDsbenLDjLIpviDHrCDNtngQ3jB
303 6732926052332181717 1 
304 14357679049152838013 1 
305 1859229583840943592 1 
306 17358043235131714640 2 
307 8823404013710507460 1 
308 8702759978128591301 0 22 3VSrOA2f2CsN5d3Thne7vk
309 10050847677129446249 0 25 4N33jFDlkda8ocnooeBrHDIw0
310 10017256923428883186 1 
311 1005475057495444793 0 17 3jG7lxMwg5aGDMszA
312 6084011180207406642 2 
313 5254814558560554869 1 
314 16450302451444242525 1 
315 11348773657276282262 1 
316 12787369564845047953 0 14 tNIjRzzWkvqfbv
317 8702759978128591301 1 
318 1868191074043758789 0 13 i4jLh2mXZWM59
319 16826875996808064355 1 
320 5214040831499904403 0 20 qPuM7nAmP4zF9YvDFGsI
321 13322508796721516000 1 
322 9865012264250894649 1 
323 9567016570042611760 1 
324 9285580952646078457 1 
325 3971086854681522796 1 
326 11817022243300812356 1 
327 2729507918665373113 1 
328 16665146892076914084 1 
329 13134040157734835781 1 
330 13419015104812716630 1 
331 2729507918665373113 1 
332 17254380588440830874 1 
333 7898111639328964169 0 27 pp425IuLJHCp14SvOUlVwSxTzZm
334 6084011180207406642 1 
335 4341935251598319120 0 22 t34wLwHfDRSDTu8pOrLIIG
336 14415377660098448798 0 28 W54Z44Q58MR2b4D2UQUOWJkMc3es
337 1225321401932855906 1 
338 13399712929409644025 2 
339 12050272993507936657 1 
340 2729507918665373113 1 
341 16810236722450181721 1 
342 12164708139221674748 0 22 rbVtCX7D1VfN0y8KZ9wPvn
343 7898111639328964169 1 
344 1411127401509343649 1 
345 9629615364157982287 1 
346 9460039308078930525 1 
347 1186832616558585675 1 
348 453264018585025047 1 
349 3713425567329594141 2 
350 18379109848318714288 0 17 ODnrsBrqJ9NS5nLsq
351 9629615364157982287 1 
352 16478580681246025241 0 18 8m3YbKnb69ot0g4qVN
353 15873169378255131918 0 26 n5d7xTcX66oCsriR9V3Fep9fWD
354 5214040831499904403 2 
355 5593486310667837123 1 
356 1065758843584062781 1 
357 15680687791321362569 0 9 PTy2y28mF
358 15118617606024080360 0 12 xNlTO17E8kiL
359 14216750263468857499 1 
360 9041786872618515391 1 
361 7820974627660656932 1 
362 11159356040550075583 0 15 3ac2ab2iLHevD0f
363 6312421862740137353 1 
364 15873169378255131918 1 
365 7516000733786039401 1 
366 7041762886205157561 1 
367 4767717103007425942 0 22 1yLa7Vdh7dIggy0vbt8bYm
368 2587494144869990912 0 12 WYy0q4hq01O7
369 15283744328126221258 1 
370 15283744328126221258 1 
371 7064453047230680024 1 
372 13246498666654069082 2 
373 4830211749875302884 1 
374 9005137571946369098 1 
375 3844853412846578967 1 
376 1115103619404577694 1 
377 16994375080966189084 0 32 8sbgrbVvHLvIh0mgoNHrdYsrjUz2ff5n
378 11450350198329920028 1 
379 7669227717861353349 1 
380 13232158354588067416 1 
381 9475761682222203252 0 27 G8lx8XdvtvmUReKA8JCnwGYRx0m
382 3248122311613715 1 
383 11141565329077946989 0 28 DAQ8GwkBndxF4ZZDhqNSmdzCYzyk
384 576254938718169063 0 31 85nFMjzVUcRke0Jrg8F6ss54R5090yW
385 8283272231955621475 1 
386 10898706326812703684 1 
387 460201044316443228 2 
388 14876385858671786704 1 
389 299183282688108201 0 17 KDXKVM0dZ5TSAYrDW
390 5214040831499904403 1 
391 2446641084566075100 1 
392 13696970519296848358 0 8 jdviuoCm
393 11419972487271876202 0 11 HRsePTDUvdf
394 453264018585025047 1 
395 2729507918665373113 1 
396 12477930692591931398 1 
397 14466250220520028218 1 
398 1065758843584062781 1 
399 10557881214757544397 2 
400 2712962474207025430 0 24 IpgScmqtDgVd8j73KkUnZRDb
401 17991149444428156859 0 29 vpeqfueLNE7D5Jtbw1I12ckWNJwZs
402 5254814558560554869 0 24 bFbG9DZWRehXvb8raOrbyZ7M
403 6732926052332181717 1 
404 15614097641689718370 0 19 nWTOl4csI9Phl6EhfKW
405 92675241916167262 0 18 Npfuu1kwwQjSt5Byf3
406 11817022243300812356 1 
407 17157812691551139327 0 28 XV8E8QlM769m12njyhAf71iIzLJB
408 5593486310667837123 1 
409 6806576971417813331 2 
410 7669227717861353349 1 
411 18060582886984754724 1 
412 8283272231955621475 1 
413 985353423489764817 2 
414 5487909960078067294 0 16 gpSfrDPnuXQ1Y8HW
415 5487909960078067294 1 
416 7669227717861353349 0 27 iDWt4rTeX9KLc0ApNwksMjOTzuu
417 6169728040181650686 1 
418 11419972487271876202 2 
419 8416087342109548360 0 21 NAgCdKkmc3MaDCv7ulUbA
420 3539534514778938501 0 27 pAaI1ruMzaZasHKTKh3Vrxdli5M
421 7516000733786039401 1 
422 1115103619404577694 1 
423 7041762886205157561 1 
424 13322508796721516000 2 
425 15617830599101464989 1 
426 16450302451444242525 1 
427 10898463283326405119 2 
428 9511372296012724549 1 
429 13399712929409644025 1 
430 3359255857945638638 0 16 Vny1ctcLZhhQhaHU
431 14869129284561764049 1 
432 2587494144869990912 2 
433 3404938638826769763 1 
434 7260583269861860307 1 
435 15180696799364272243 1 
436 11323818384045174478 0 23 6YmrUlTLNou4TIj4ZDiIoPH
437 15283744328126221258 1 
438 10463762734668967121 0 29 RAnXgZM8KpTfdOj7gQ9GdrWRGlolC
439 9880022352183795857 1 
440 1464579093029681509 0 32 U598eWHwLkbx6I2niB1J2VjGGVzSpH4J
441 13413686334628366127 1 
442 3569799703360415657 0 9 igs3RRyVj
443 7898111639328964169 1 
444 10898706326812703684 1 
445 3248122311613715 1 
446 17769667331698881457 1 
447 172604119302338528 1 
448 2745350092996214437 0 14 TkiX13lRzT7sVW
449 299183282688108201 1 
450 3812758703280792259 1 
451 5836778773173718607 1 
452 16614153310673383982 2 
453 15180696799364272243 0 11 7nKXELTdoDK
454 7832146263206078239 1 
455 8354176551430384674 1 
456 6811332157181040416 0 19 MWlCzGWRGXtYvU61HPY
457 12203726407390192234 1 
458 3539534514778938501 0 9 DRpQmu47P
459 12164708139221674748 1 
460 11367386038529678468 0 20 nnJIgsEBwDQLlu3j0ZuP
461 10100316311072480477 0 12 HOHgBY3DMqWe
462 15473835002936402759 1 
463 9460039308078930525 1 
464 10734117554342226262 1 
465 203485249119813271 0 12 6enzgWzFQOei
466 15533984306227349180 0 13 4naDMdQgSxIzJ
467 14357679049152838013 1 
468 18331668634368793276 1 
469 8431007888313140262 0 29 vgvRf8p2lXYfbMFpgrFKJCcGUjt6s
470 2408928128153883406 1 
471 2745350092996214437 1 
472 10463762734668967121 1 
473 16450302451444242525 1 
474 13815151472260899684 1 
475 9460039308078930525 1 
476 16164943232038845062 1 
477 16450302451444242525 0 27 wRnCj6MLKq3BvvkCgzPtpiuioS9
478 1069711083026086024 1 
479 15130601449434579998 1 
480 17342671342923747474 1 
481 7041762886205157561 1 
482 6732926052332181717 1 
483 409396867552273118 1 
484 2709730195650663830 2 
485 16810236722450181721 1 
486 15533984306227349180 1 
487 11419972487271876202 1 
488 14876385858671786704 2 
489 13399712929409644025 0 11 M3f2p7BKh3o
490 5247753879763900813 2 
491 2347968157321966602 2 
492 12237914990611659698 1 
493 15104933635576774299 0 24 d0oyqYDNX5ustEuWGjeP4JQq
494 14869129284561764049 1 
495 8354176551430384674 1 
496 5254814558560554869 0 29 bE9Z4flPCqJ3hVxEjeq8i7WWdEN0E
497 9497507125857822188 0 21 qnRPp78EHzWIe1FsjsgrY
498 206219360984098611 1 
499 13419015104812716630 1 
500 15680687791321362569 1 
501 15130601449434579998 1 
502 1411127401509343649 1 
503 4311486094035413283 0 20 60ZD9oT6KlkJzb2rFsN3
504 11141565329077946989 1 
505 13135617745360625029 0 32 tobqVCdZDClKyEQIx8auhcjxU7ygZNVQ
506 15230973391875605715 0 20 HeHsES2zm1BAH8Gp3ySm
507 10970770018623635607 1 
508 13341625995191834079 1 
509 6215036542940165974 0 19 bRC4pM640LwCnx9ZyIj
510 939302800623420603 0 17 y3QuTAnL4cuTowGA3
511 4311486094035413283 0 9 HJCCRj8jR
512 14796002840002159826 1 
513 11705180206697014309 1 
514 7742019796945161685 1 
515 1065758843584062781 1 
516 10136575064360191184 0 10 9jg4CS0Sd3
517 299183282688108201 1 
518 15145794065150413371 1 
519 200923406414836473 1 
520 1069711083026086024 1 
521 15448526020516336563 1 
522 693136508847593847 1 
523 14466250220520028218 2 
524 18379109848318714288 0 21 73nQrSU0BA4Nb3nC4ZwUa
525 12617527726790676043 0 19 nOM7W4nkCqVcfx5e8Di
526 17283293415259871778 1 
527 2150253636635232573 1 
528 16164943232038845062 0 21 ouIMqL7ChFil2SxrwYWtd
529 4681703081547142091 1 
530 10589538566357403124 1 
531 10192590630926279759 1 
532 11953398779362532914 1 
533 7210853430388973009 1 
534 7100406624234234271 1 
535 9865012264250894649 1 
536 8962973735249394604 1 
537 6835102972658677672 1 
538 15617830599101464989 0 32 BEODeK2aqXURfUFUzs5iURC043K2zqfA
539 16800962097502088977 0 18 LiMMHCtjbYDq3Ah6q9
540 10192590630926279759 1 
541 4165774892370501034 1 
542 7669227717861353349 1 
543 7041762886205157561 1 
544 6084011180207406642 2 
545 7516000733786039401 1 
546 15062263732005041317 0 13 SzaoGkhzLEA9F
547 17254380588440830874 1 
548 7675973053800004269 2 
549 16164943232038845062 1 
550 14869129284561764049 1 
551 11591927799738493487 0 22 VtHk5O3Jr1tfHdLFwXP5mi
552 15929020465777435352 0 16 urp6wALP1a84z9Nq
553 14134803212806547538 1 
554 14876385858671786704 1 
555 16164943232038845062 1 
556 5214040831499904403 2 
557 2059416347848539975 1 
558 3663938203797079816 0 17 7liAfayjU84t7f1Bc
559 10669650418626236953 0 8 SLkxjZmO
560 9511372296012724549 1 
561 12279195324756137818 2 
562 575107776271556243 0 26 ApLnPJUtPZkWCmfovBEEt9ySvK
563 10363256367734574296 0 22 jrEteXe3r9uGgclqMQcHaq
564 4859006234325440390 1 
565 3469405771475431505 0 21 QutkcsUR4L5by6S5yjlbS
566 3353680455458912351 1 
567 7896412288292994903 0 14 DOzhqw7inpKdJm
568 6119733506179431813 2 
569 11722176305228113989 2 
570 2626281523691401095 0 24 jeuQPVswTj5e72LxwQfkFyNX
571 2408928128153883406 0 14 XKhT3LOUitKeK1
572 14357679049152838013 1 
573 15533984306227349180 1 
574 16994375080966189084 1 
575 12237914990611659698 1 
576 5254814558560554869 0 31 elQMmYt6DN9WlbEcwqxvXv4ED7tsnHl
577 1803543304071547401 2 
578 10625303766125163695 1 
579 1859229583840943592 1 
580 1186832616558585675 1 
581 3248122311613715 1 
582 9703633031940821423 1 
583 5165540209939873439 0 31 iZcLTQIOvBR9MW1DJIyiG8T2p5sk3p8
584 16994375080966189084 1 
585 2712962474207025430 1 
586 16226920833774267213 1 
587 1065758843584062781 1 
588 14696201462557979546 0 25 dCs9D3QT26jAXjxaZhdPoPlXT
589 5601783040026075150 1 
590 17157812691551139327 2 
591 1065758843584062781 0 17 sCT5GtZGzGOU0L4Z1
592 11340587669321947861 0 22 n5gIYFwOyciKUtnX7e6NbL
593 43355881593435151 1 
594 11722176305228113989 1 
595 1186832616558585675 1 
596 409396867552273118 1 
597 7824543656075765174 0 10 quV8Tk5pif
598 8253570714055663255 1 
599 17254380588440830874 1 
600 299183282688108201 0 31 Plr06a3PeCHi06YubhNJkBzPhzW6kAa
601 4311486094035413283 1 
602 11141565329077946989 1 
603 17656182725355618995 1 
604 13344199797177587384 1 
605 11367386038529678468 1 
606 17748288118742849194 0 12 LLiuFIZbbHmb
607 15074672273421297114 0 17 aAXJK7SEYYBZiWC18
608 15533984306227349180 1 
609 11895215883581969840 1 
610 4319890518309994475 0 31 8zBiExJsOr2vAK2bYY9i7pCHrKpD8Dn
611 15617830599101464989 0 29 xOrEGF5I8Gb8p7gypll13cJqoS2Zh
612 8253570714055663255 1 
613 14614228007906049210 0 26 Lqpbv6h9hoyoUucEgbFGv34N5e
614 3971086854681522796 0 29 erRUg0PkiXRWVEyOqC4RPKMTNhYzj
615 3560079102725694538 1 
616 6842109600235206217 1 
617 4463811751744235519 1 
618 409879177154207406 1 
619 3555937464384348718 0 29 XD4FkUjDihZWsdxHwIkJxHGf5L0jr
620 460201044316443228 1 
621 14357679049152838013 1 
622 12676557047256765216 0 16 jXKuD0Ujs5f71xqI
623 3971086854681522796 1 
624 16994375080966189084 1 
625 15104933635576774299 1 
626 11504250217979457894 0 18 Mu7Nwh4T1wfzQOrU3z
627 7966159894690270148 0 14 mtuIQ4AyytKqyf
628 3663938203797079816 1 
629 15652117683197128272 0 23 cte0FWUHTyFGi8A0XCAT83m
630 16247273774204093547 1 
631 11141565329077946989 1 
632 5445453976293581589 1 
633 10541789596997927309 0 9 Khmzh0TCH
634 14876385858671786704 1 
635 10684524686253481195 0 25 sdIq8U1bd2Na4lHkqB4Xv1EvU
636 15180696799364272243 1 
637 11591927799738493487 1 
638 16810236722450181721 1 
639 12477930692591931398 1 
640 12799849952102422329 1 
641 2863733788116749069 0 31 LEzyELYJ6n1wy3Rs5dnZ2wyYdWvtN6H
642 7041762886205157561 0 17 eWbAnfxobuq0mveXS
643 4069738913968860297 2 
644 11141565329077946989 1 
645 4681703081547142091 1 
646 1115103619404577694 1 
647 16472991372315755957 0 21 BEwTTa04inifaHXQIJJwp
648 9865012264250894649 1 
649 4311486094035413283 1 
650 4767717103007425942 0 14 qIL1VFTypR0VCi
651 8046534201599140339 0 8 0gAIxTCm
652 13399712929409644025 1 
653 10192590630926279759 1 
654 4503304677056630569 0 27 QMijMByp9lGAGSqODq4N60pIm22
655 8416087342109548360 1 
656 7835064480433878993 1 
657 17322166641254980247 1 
658 11518812017551845894 0 21 UF5Q2FBGNPjDnu4qFAq2R
659 4481222763862071745 1 
660 1225321401932855906 1 
661 15062263732005041317 1 
662 8283272231955621475 1 
663 9670685981340727719 0 20 Vc7b2AoBQBa7OOzQCFZ2
664 14357679049152838013 1 
665 16994375080966189084 1 
666 10463762734668967121 1 
667 13276166170611436437 1 
668 4354869141308045240 0 21 qO5QTgTbSc0dD70Z5OlIx
669 17054110184560904177 0 13 xNpRMVvwJH1ji
670 9005137571946369098 1 
671 15180696799364272243 1 
672 9157509705021698836 2 
673 10050847677129446249 1 
674 12237914990611659698 1 
675 9041786872618515391 1 
676 6971320213840695846 1 
677 9041786872618515391 1 
678 15369743522337823090 1 
679 2408928128153883406 1 
680 7064453047230680024 1 
681 3195457986388902693 1 
682 12237914990611659698 1 
683 1411127401509343649 1 
684 5046371330294058743 0 24 ZHKjbQUv8QIqvnxBXzCp0ZvP
685 13290946498994387024 1 
686 985353423489764817 1 
687 11722176305228113989 1 
688 12131583045775587398 1 
689 15946729020676371124 1 
690 5857019688774383548 0 31 qb7E40NUIBQ38Zb5kO6JHTYlBQ6Qw0y
691 3248122311613715 1 
692 1065758843584062781 1 
693 14134803212806547538 1 
694 13288555852383538880 1 
695 9818452644693792139 1 
696 1212987445796407866 1 
697 742492500630254605 2 
698 3001110617155217606 1 
699 5214040831499904403 2 
700 14876385858671786704 1 
701 59488990999816019 1 
702 16052710642886511991 0 11 EdLO3RoyPlg
703 7742019796945161685 1 
704 9350148106619222980 1 
705 15533984306227349180 2 
706 15918109625659632924 1 
707 8431007888313140262 1 
708 13057099519052774080 0 31 KWg7rSERern2sCpocaVbO8DE4wQTAyU
709 12726771610011929681 1 
710 11450350198329920028 1 
711 8117155118677799564 0 30 miFbVFRg4GGclrzr2DvweO5cqX417N
712 2745350092996214437 1 
713 15652117683197128272 1 
714 14808820674678589035 0 11 2uD4ATftIek
715 9005137571946369098 1 
716 15172650659707036444 0 21 T0K3rp7qxSPmWCF3C9GEH
717 11915559018570731137 0 10 8zXsFNUUqV
718 6716043868280799039 1 
719 1868191074043758789 1 
720 1089891188575030425 1 
721 4183323129511925913 0 22 XQZJulWxvdBAsq30pZr4wL
722 18372513585019755261 1 
723 985353423489764817 1 
724 7064453047230680024 1 
725 13413686334628366127 0 10 KM0uesdAnZ
726 7260583269861860307 2 
727 7824543656075765174 1 
728 9940608679191809117 1 
729 9475761682222203252 1 
730 11817022243300812356 1 
731 3812758703280792259 1 
732 11066060274841973483 0 22 weQYmF67c4zGwaOj7AfopR
733 8416087342109548360 1 
734 6151825368043496882 0 27 yc0lkuP8QAOXHybEEWocFwltkaK
735 5174085438056414154 2 
736 10618249967339055395 0 9 yv2jdw7mM
737 17656182725355618995 0 8 W6TiIzUs
738 6042800145276043418 1 
739 3195457986388902693 0 30 7BOMBhQ9aSrDMwxjB3cf75LP2pGFEt
740 12237914990611659698 2 
741 8702759978128591301 1 
742 1868191074043758789 1 
743 9460039308078930525 1 
744 11323818384045174478 1 
745 7835064480433878993 1 
746 1186832616558585675 2 
747 14093732454195458557 0 22 aI6AvDEGbG5rTHioalUGyq
748 757520349347047810 2 
749 13232158354588067416 1 
750 9670685981340727719 1 
751 12442914369821003767 1 
752 11467016330350292003 0 8 uzMpAa5l
753 11953398779362532914 0 20 IQL4y4WC2KUK4HpssRl4
754 6560313798594349483 0 24 Q6ty9ckIF2gY4eabrbtJvxal
755 12617527726790676043 1 
756 1868191074043758789 1 
757 17254380588440830874 1 
758 12596743126442278835 1 
759 13399712929409644025 1 
760 15369743522337823090 0 11 lb2yciUgK3F
761 14869129284561764049 0 10 TX41IsUTSz
762 11066060274841973483 1 
763 11450350198329920028 1 
764 7675973053800004269 1 
765 488926526829448094 1 
766 1717801375328188968 1 
767 1005475057495444793 1 
768 10306296248815101048 1 
769 17173031486212758580 0 9 dI0rPcysA
770 7752715728662698177 0 8 SvMtLKq1
771 17173031486212758580 0 19 wdKHvpEslpAjeaMcQWf
772 3731548372074401463 0 22 Ydorveq70c1ewGXkSPVIYC
773 757520349347047810 1 
774 7968747019862573134 1 
775 206219360984098611 1 
776 4796455251243197862 0 29 nxiOlXJNNOOzQ0tgXd9u6PSJJYpo5
777 8253570714055663255 1 
778 13322508796721516000 0 27 EYBVvYtHVHFPyk05f7S7OleDYh5
779 6491635671862962272 0 23 sBjOMEIt5XONnlJVkOArqGD
780 18310148594709547316 1 
781 12442914369821003767 1 
782 9670685981340727719 1 
783 606718321466841115 1 
784 6811332157181040416 1 
785 1938043393331271638 1 
786 797368704663518277 1 
787 11859960077797941190 0 14 91z06WNTJ8mpsA
788 2150253636635232573 1 
789 7896412288292994903 1 
790 5134528447171230957 0 30 5JbenDk70XoAYnAfKX8betOU1KA0V2
791 9758231987820944719 2 
792 8719679940973545597 0 15 D6JwEJT0R0oaf87
793 7675973053800004269 1 
794 12477930692591931398 1 
795 8212238066464946615 1 
796 15614097641689718370 1 
797 15850743779387198745 0 13 evO6UiBgoUc0o
798 4681703081547142091 1 
799 12442914369821003767 0 28 pitvSac4eoi2AKwXQQFc414g2sk1
800 9769922604288411724 1 
801 92675241916167262 1 
802 200923406414836473 1 
803 14062086394911100948 2 
804 15850743779387198745 1 
805 6769649867692194989 0 17 ysDfuMzqrOF6yJ520
806 10669650418626236953 1 
807 206219360984098611 1 
808 6726595652651931698 0 22 qsxVdrj2obDTTXSKOoXSmq
809 8267933781121175753 1 
810 15680687791321362569 1 
811 2150253636635232573 1 
812 12331027470231519736 0 30 hyWXv0AlhAZIM2jrS1GHYg1PCqBmYg
813 4166499642273392141 1 
814 10100316311072480477 1 
815 13246498666654069082 1 
816 3359255857945638638 1 
817 10669650418626236953 1 
818 4538623449267243053 0 31 rMrbDIcRXB8YYIPh4vNU9zPsXJjnvld
819 2150253636635232573 1 
820 7051777855928466706 1 
821 12331027470231519736 0 30 wkH5qqd9DKB8ggHf39CMt0Fcbyi5Jz
822 15918109625659632924 1 
823 8466485330037293249 1 
824 14363918598256933344 0 32 Ytvf6EoFsSUXVciqVg55H1lKLk8YSCp0
825 11421346040095264123 0 12 dCwRPoutKPV2
826 17157812691551139327 1 
827 10625303766125163695 0 12 xKnFdYOAyYzw
828 10333172621681737773 0 9 ZncyCOs6i
829 8354176551430384674 2 
830 1225321401932855906 1 
831 17047119047953088980 0 24 kaJ3LZervopTll4RIs1F4P78
832 17173031486212758580 1 
833 11705180206697014309 1 
834 10618249967339055395 1 
835 11455383763734157508 0 9 mUY53Dxwz
836 939302800623420603 1 
837 15918109625659632924 1 
838 8702759978128591301 1 
839 6817748145480492289 0 13 B1MY7TgQBVDNg
840 11504250217979457894 0 8 HCCU96Uu
841 8283272231955621475 1 
842 7752715728662698177 0 17 8CU8Y2DzhdAArVoac
843 17066200711862936765 0 14 p8KyFmqhxCbILn
844 5046371330294058743 1 
845 5134528447171230957 1 
846 11348773657276282262 1 
847 10541789596997927309 0 19 b6xNeXMUMSoJfY7MVKx
848 14093732454195458557 1 
849 299183282688108201 2 
850 9940608679191809117 1 
851 1464579093029681509 1 
852 5455455523959875393 0 8 vgE2bcg9
853 10333980892558491830 0 23 TOum4SsQxCMin2Br0PXH4Sw
854 6811332157181040416 1 
855 6169728040181650686 1 
856 12726771610011929681 1 
857 92675241916167262 1 
858 15062263732005041317 1 
859 5134528447171230957 1 
860 7064453047230680024 1 
861 7966159894690270148 0 24 wzEh0OY0l3GnUC3ujw1OkFUv
862 14134803212806547538 1 
863 13026545834744330744 0 16 7oT1lijl4FmpH2cl
864 15648451416133586385 1 
865 4319890518309994475 1 
866 1212987445796407866 1 
867 3971086854681522796 0 31 slFD6OADAcCvKvhO9TDQTp9dSmW4PmM
868 16319292674837886668 1 
869 11294770985541937224 0 12 QbxZm7Bz3Tsi
870 15873169378255131918 1 
871 7516000733786039401 1 
872 13696970519296848358 2 
873 6882706218618169583 0 24 DHLjJiTfwzFKYCtLI4IJXA1M
874 8196895539003014619 1 
875 10333980892558491830 0 13 BAxTTek98Q35f
876 9450639100362715283 1 
877 11419972487271876202 1 
878 3731548372074401463 1 
879 575107776271556243 1 
880 14906266901199508931 0 8 pPPAZZW8
881 9224265608799120093 1 
882 730929454569532053 0 8 E9jttrzH
883 6061621897799010624 0 15 uIhiYenqqAfFXpm
884 8171148885706887969 0 27 vM2Bb9tS0kRIcVAtAsPmeFdosqL
885 10858843091824374500 0 27 Q0Wn0fM9Yo7GDPtiYkqQ9d4OEqE
886 15723789033996348579 0 30 ufas9NspjzLV7ciUTO2DFTKqVi2Mu4
887 14357679049152838013 1 
888 12230060948820225080 0 22 hrSae9X0feaL93k9ExaYl6
889 200923406414836473 1 
890 7041762886205157561 1 
891 5857019688774383548 1 
892 7210853430388973009 0 23 dNSB1cgzFLZaSaKbmFCI0GU
893 6666852147856587167 1 
894 1995324937179517126 0 31 daW8a9V3IVdzUsI2SialJLyTdzh8kNj
895 10463762734668967121 1 
896 16164943232038845062 1 
897 8630519574928517410 2 
898 2626281523691401095 1 
899 7064453047230680024 1 
900 6215036542940165974 1 
901 6491635671862962272 1 
902 92675241916167262 2 
903 4341935251598319120 0 32 VBqqAJS91YrMHDIUhoreJT7T30TuxtSQ
904 17543852637064112903 1 
905 15172650659707036444 1 
906 15723789033996348579 1 
907 4376482673196769259 0 17 ZDBvSMBw3xmgGFljG
908 10625303766125163695 2 
909 14696201462557979546 1 
910 15533984306227349180 1 
911 9511372296012724549 1 
912 939302800623420603 1 
913 12203726407390192234 1 
914 5134528447171230957 1 
915 1186832616558585675 1 
916 15723789033996348579 1 
917 17254380588440830874 1 
918 506413338189221849 0 8 BzKrFXax
919 11705180206697014309 1 
920 9140888919520516558 0 30 z9T4GINagKCcTyS58UdJTv9gQjdB3l
921 9937915705189961529 0 15 uW6BnSjTmu3FsUI
922 13232158354588067416 1 
923 11450350198329920028 1 
924 8696624517022123594 0 29 O3C6hM9SR9KwETjgBCQ5Ddvhwtdp8
925 11456569722343884278 0 13 V4obl8iBYpVU3
926 676742153156591284 1 
927 12418385903809176329 0 24 8N7DYl6GhzrU5s6aut9d1poZ
928 11455383763734157508 0 14 gEEOMZVX8EdOvc
929 15652117683197128272 0 12 5UGxNOaNDMuq
930 6875105662637615629 0 22 Xq8vDiOiqdMCWwPucTPrQk
931 3569799703360415657 1 
932 15652117683197128272 1 
933 9338433668599766123 1 
934 1629595692175027368 1 
935 14876385858671786704 2 
936 9761453945632931077 0 18 o4fzk3hae1kBy85YbU
937 2587494144869990912 1 
938 9758231987820944719 1 
939 9005137571946369098 0 27 IICFCw3Hb21ciaHjKSfQXC10XzD
940 10192590630926279759 1 
941 4183323129511925913 0 32 oDTy9UFkVFMDnbw53aWZmVZJUmPOFQb1
942 4176884312394175988 0 25 0mVDU0SpDDQ7JSfp1RKajnK8B
943 16449786726932388962 1 
944 11455383763734157508 1 
945 4503304677056630569 0 8 XvGkPGBC
946 13399712929409644025 1 
947 10574007050388279260 2 
948 15146935976574774341 0 10 3CU4bncKau
949 14906266901199508931 1 
950 12726771610011929681 0 23 y6CT1SCPgNb5jCcPFmtHLet
951 15593916170666473838 0 21 l5vB1N77Zb92nYg89mrKM
952 15170117034280023551 1 
953 4354869141308045240 0 25 pRki5xS8sd9DiHnHQn4wTA5D2
954 10053833504154391231 1 
955 11203155334098068034 0 9 xdKm35S82
956 15892232744552516453 0 17 sTO4CfrT3cWz3g3Hg
957 11450350198329920028 1 
958 6566153886703906148 0 12 QF7TKYZKQoBu
959 11705180206697014309 1 
960 15828002162214115037 0 28 4Xue3thkwwONjJi9ZocrM9CmwLg9
961 15533984306227349180 1 
962 4341935251598319120 1 
963 6061621897799010624 1 
964 2626281523691401095 1 
965 9497507125857822188 1 
966 12418385903809176329 1 
967 13951036771635877033 0 10 bjjkGVK8rR
968 5254814558560554869 1 
969 8117155118677799564 1 
970 6715638864808256993 1 
971 12230060948820225080 0 18 SlGJzY0uZgmzeNhL5x
972 12972163723453635181 1 
973 4319890518309994475 0 23 pJJCwZh5Z9ooQnMRgv5Stjo
974 575107776271556243 1 
975 11294770985541937224 1 
976 10005062285684139349 1 
977 9497507125857822188 2 
978 15453400248313797080 0 16 qsGlRvoy2bmTM6s2
979 6769649867692194989 1 
980 11159356040550075583 0 25 FRh6uZJP8LE0axPVlNYM8zhCr
981 16994375080966189084 1 
982 7835064480433878993 0 13 OPU6WNdnml90l
983 2347968157321966602 1 
984 17296500898078539468 1 
985 17991149444428156859 1 
986 8253570714055663255 0 20 bjioYQ0Ka4j0YnUtQHg9
987 7835064480433878993 1 
988 299183282688108201 1 
989 12320632417151903956 0 20 MFX6E9qvvOLvhvxOvU9P
990 2729507918665373113 2 
991 10333980892558491830 1 
992 14357679049152838013 1 
993 14906266901199508931 1 
994 15918109625659632924 2 
995 3469405771475431505 0 28 7dfERa9qt3Vp0tiU06qXlrDoVl1j
996 9818452644693792139 0 22 QCmdbMmRGnu3mllElr4Iaw
997 17767423569980973344 2 
998 2587494144869990912 1 
999 10652233871801500419 2 
1000 6757504550319527067 2 
