1 13644090701616509820 0 16 a37JncCHryDsbzay
2 14404584827502167509 0 9 4cBWDxS22
3 17884461098228599584 0 31 jzhMaiRrV41mtzxlYvKWrO72tK0LK0e
4 6561978790944873384 0 14 zLOZ2nOXpPIhMF
5 11504202919529659836 0 22 v8kP07U20o0J90xA0GWXII
6 467926723983428322 0 19 o7J4ogHFZQxwQ2RQ0DR
7 7191866688926287266 0 22 KRETPVzxlFrXL8b7mtKLHI
8 6330926375183232156 0 11 hIh5JuWcFwr
9 10743318692649475987 0 29 JKdE3t5bECALy3eKIwYxEF3V7Z8KT
10 6846311736142635773 0 20 0nFe1IX5tjH22F5gXOa5
11 8056873052960211445 0 21 nIMIQuOiNJj8YL8rqDiZS
12 16168387189447030737 0 23 ZfoEDAmGTXXqqvkCd5WKE2f
13 15526877108872087870 0 18 tVXa2zKae6opGY4i6b
14 14113175572211461905 0 20 uUG67LaSXd5tUbO4bNPB
15 12570251124234656338 0 29 TxnkWrSaQyUuEa0X9Q5mVwG4JLgei
16 12109235810819549509 0 20 eBlQtFFJpgHJYTrWz0w2
17 5198257199747410535 0 28 Qw1UFK8u2yWBjw3yCMlqc4M3tt2u
18 8129131194655245525 0 13 4cDzdiEvq8vmf
19 6186070741711136407 0 13 TZAPjUAZ6Cu86
20 15500709987784333881 0 29 AyYDamCCSQ7GX33A8WhGwRk40pHux
21 623662821306854232 0 16 f5JEItyS3QrBgOCh
22 2692967430018820960 0 18 KCDa6eIAd7RV4mBA5N
23 15570950896344413588 0 21 xJt0jk9N6L5cdFnDLSWV3
24 14747933712014591398 0 22 vYghhol4EgN5e4poSt7VVl
25 14172326883809531304 0 23 Jw5jSYm4TKi92Ws4iYQoCSb
26 15973157735320722736 0 29 sV6Nyp5Fl8wCfiE81uF1O736dRsou
27 17752451839852487476 0 28 mmxq8tfB7PK3Zzmn5lhLm5Qn92F2
28 11219132556207242124 0 21 9UatPR1G4DNRVR0SBlXwQ
29 10484947369598330366 0 23 gTFRdHgd5n5ffS4gi9r6YKV
30 7246984679677922832 0 22 mgIIaj8ECLfncKQh5TLkvP
31 1517799875021569115 0 10 cYEg5ZBeJp
32 8380552410116837273 0 17 bNdiZq3CbeW2JcTeK
33 15564667913062892694 0 26 4j1ayffXqHqdCQ0n8Xb9jDnEF7
34 1072943755208777744 0 18 ij85ls4MqjzLXF9APZ
35 5571491690898474541 0 8 CffopP1a
36 8056950133157411926 0 25 EfRuPX0AP2UDmSWHhgS6DaIrE
37 17549537141890422772 0 31 eb5EEJudCHACPYCulwMIE1wg57ENyQS
38 12786940929043456118 0 12 1VpFnjqz019P
39 12990354215652524487 0 16 LHIIbYWaSAfaM3Wn
40 10831915808170731645 0 22 7oyw2jdsibrryODEhTpFzQ
41 10559062082997579800 0 30 73GT6kGXr5Ul7DOxwxplwDyAuRx8OL
42 4416674136411239248 0 14 VP2zTmDzeITNNe
43 12603166150372022866 0 15 LYh8KbLIjEihK40
44 8445609632777879361 0 28 aNAXrwkoY1HwMtgfSLnmx72gLiLf
45 2680695523017212062 0 10 KlLhtsWpaK
46 10122242362160830410 0 18 ZZGwTubvFNhAUhppQA
47 132070839089270479 0 17 DSBYA4OetwzDWYTQz
48 6422801497039524168 0 30 zubMZlqHadfj3sBEOJIkyAevNATpYR
49 9944614351650105383 0 22 YLlutVj85MnoOfyc1HvlF3
50 1723294520595655777 0 9 8QYaD41Oc
51 8135673149973863173 0 12 7VDcELgY8Swl
52 12963971792416757183 0 22 XmiQVvTt4rPe5RdR4xYXB9
53 12840513171577767543 0 16 UpHdHCMgj7O7aHaR
54 89435921896218927 0 14 RovWGYvKUUrfba
55 4394186580445242971 0 27 Qpif15LiChpkxNCGp0AJGgFYAhP
56 3349492889355782452 0 20 IxvgndJmgfTqKGbHenWR
57 13463558642814639762 0 17 gk2KxaVeyGuv9Yins
58 9616729326427590212 0 15 RVwIpCt7qedHPH0
59 4788073848644639441 0 26 bx04awLSrS1YFr1fMvx97oGwQr
60 17239101147508584085 0 32 p89Di5Bmf757yY6UlvTQHOLRU9fQZXZN
61 3560243771416977945 0 11 hYLmj6RqBWm
62 16062683415318738084 0 19 bHRWkrm9BBbIqzqLYDz
63 7711104451634179619 0 9 jK1SQQIav
64 16799339996681314457 0 25 HWJi22Ym9jxkzojp7F06TjRUB
65 2489919133481300572 0 28 tRPoUfKlLKnr7uY2eYqLNwbO247R
66 6413144882145945347 0 25 HHNieBAHTwdohUtc3vEbkYyg9
67 9817054163639095734 0 14 iBS8fjP3P1EYJi
68 748987174001436690 0 27 wU9ONjRGw00UxgbHNmjVRQsUotj
69 15878590502693324166 0 8 APo4txTE
70 6644999929777822069 0 31 sUbrT3o9e5UQnxpBnIzfzLpO9uF5LTi
71 6341020966787554594 0 20 vH4OKqWywyMhw9sjRsOQ
72 8878888412948347069 0 8 CmL61ORS
73 15539693576233204859 0 24 cONfmhVGdPFx6B4xsWpFu0Rh
74 17984981826439200589 0 16 Vihu9nWX89HndWQ2
75 5993078570442972078 0 18 L7uQ4mutzmrQT9tAqn
76 13379565477384277112 0 21 cIoiR3W4Zw5KGCCeExW5w
77 8321912251693430304 0 29 wLm5Euu2BUKzCj0ioadrsr15VF21K
78 14313759067226790078 0 21 HEH1KWvCY6es3qb2XNa8C
79 14953856859877450242 0 8 zDVUSVTm
80 17027845333763415187 0 15 i1jkJFfTlk7blvB
81 4011911773042359045 0 18 SYLajmXwHzNlS7DB6u
82 4330583452576270246 0 29 P8WqtGvV0rglHC5qtrNq6NBrnI2wP
83 8127070578063906344 0 13 pm3MbuaWPYN3K
84 14222838201968494662 0 29 EPT5EqtKB4CzNEtk9jWC377dcUCzW
85 1994748645980746125 0 18 cir5n5uhP5jZ26mwov
86 11433789667460074987 0 13 J6gOBH0dR09ta
87 6036985397221059758 0 32 kebnWGBZzkc4WWsQ9BWnah2aKUYSN7F6
88 3021641329590963658 0 29 qtF62o6nO8Hu0h1CBmkspKBJrbeyq
89 11063788622430346228 0 21 hfcwjekpP9vf1wM36YpqO
90 13991184666556390247 0 25 8Xvz8YvxIccsWLVH9sO4XNyuO
91 11015565204444883820 0 21 QCuoo3Ki0SGwNWYxP5JsK
92 12735973117393651341 0 31 kgSG3R8QVYcOKQRc8R5ONQvuOIxf8H5
93 16465090143491543492 0 17 vV6wwEMQkyo3PFfVe
94 14657204196140552941 0 18 u09nuV3rAB6F1zk6vf
95 9586850791258107612 0 24 I51Gt2d6f9kO1iVocyrR80VL
96 3588692789445446619 0 20 U35QiOglPweRai6hTSi9
97 14533931653210929701 0 19 WmtLB1LfKK9OQX6mDsB
98 7025071100422609561 0 11 UagDgNe75n0
99 17080101987965227239 0 9 XuujtDMEX
100 17367902346355569845 0 32 cv1ghCYqK1Q0E5NqAQbAz94tqw4CAafk
101 2680695523017212062 1 
102 6644999929777822069 1 
103 14313759067226790078 0 13 9yQAATV0dublt
