1 15290934294540300063 0 16 a37JncCHryDsbzay
2 13208179836992620890 0 9 4cBWDxS22
3 16402351408090498100 0 31 jzhMaiRrV41mtzxlYvKWrO72tK0LK0e
4 4570937350297480922 0 14 zLOZ2nOXpPIhMF
5 10349418295150071999 0 22 v8kP07U20o0J90xA0GWXII
6 10055348659453842696 0 19 o7J4ogHFZQxwQ2RQ0DR
7 13177462213889998891 0 22 KRETPVzxlFrXL8b7mtKLHI
8 16742753208907062145 0 11 hIh5JuWcFwr
9 14007738402606956794 0 29 JKdE3t5bECALy3eKIwYxEF3V7Z8KT
10 16191613521810268250 0 20 0nFe1IX5tjH22F5gXOa5
11 8275361014947024921 0 21 nIMIQuOiNJj8YL8rqDiZS
12 6496130221996194026 0 23 ZfoEDAmGTXXqqvkCd5WKE2f
13 18303324611142159222 0 18 tVXa2zKae6opGY4i6b
14 3027674992678074606 0 20 uUG67LaSXd5tUbO4bNPB
15 5129544056693611375 0 29 TxnkWrSaQyUuEa0X9Q5mVwG4JLgei
16 16377212998094034633 0 20 eBlQtFFJpgHJYTrWz0w2
17 17966051492972549986 0 28 Qw1UFK8u2yWBjw3yCMlqc4M3tt2u
18 4180525790060666182 0 13 4cDzdiEvq8vmf
19 17854031271252298266 0 13 TZAPjUAZ6Cu86
20 1463898149078867806 0 29 AyYDamCCSQ7GX33A8WhGwRk40pHux
21 8727985637324325175 0 16 f5JEItyS3QrBgOCh
22 13713482689053954861 0 18 KCDa6eIAd7RV4mBA5N
23 4286088428720954536 0 21 xJt0jk9N6L5cdFnDLSWV3
24 887772038132532130 0 22 vYghhol4EgN5e4poSt7VVl
25 6064882317680043833 0 23 Jw5jSYm4TKi92Ws4iYQoCSb
26 2671901700430263709 0 29 sV6Nyp5Fl8wCfiE81uF1O736dRsou
27 17191802714097121277 0 28 mmxq8tfB7PK3Zzmn5lhLm5Qn92F2
28 15881059486881925407 0 21 9UatPR1G4DNRVR0SBlXwQ
29 16955845415514722033 0 23 gTFRdHgd5n5ffS4gi9r6YKV
30 1846949052878835501 0 22 mgIIaj8ECLfncKQh5TLkvP
31 6327338327585746081 0 10 cYEg5ZBeJp
32 2674779325176798116 0 17 bNdiZq3CbeW2JcTeK
33 6315059184605458510 0 26 4j1ayffXqHqdCQ0n8Xb9jDnEF7
34 1562096542216354477 0 18 ij85ls4MqjzLXF9APZ
35 503786701973942604 0 8 CffopP1a
36 10421634995711392057 0 25 EfRuPX0AP2UDmSWHhgS6DaIrE
37 12407400195172712853 0 31 eb5EEJudCHACPYCulwMIE1wg57ENyQS
38 1909020206917638213 0 12 1VpFnjqz019P
39 13569447865663138714 0 16 LHIIbYWaSAfaM3Wn
40 7928241184190807930 0 22 7oyw2jdsibrryODEhTpFzQ
41 2659272185130910336 0 30 73GT6kGXr5Ul7DOxwxplwDyAuRx8OL
42 5436312272531510544 0 14 VP2zTmDzeITNNe
43 16486930412726405320 0 15 LYh8KbLIjEihK40
44 14891727596528960372 0 28 aNAXrwkoY1HwMtgfSLnmx72gLiLf
45 13788455262123213154 0 10 KlLhtsWpaK
46 9269623771265833067 0 18 ZZGwTubvFNhAUhppQA
47 12527420537704915945 0 17 DSBYA4OetwzDWYTQz
48 10210688340280286747 0 30 zubMZlqHadfj3sBEOJIkyAevNATpYR
49 8491819650079769908 0 22 YLlutVj85MnoOfyc1HvlF3
50 11748412242739190809 0 9 8QYaD41Oc
51 6151523391662621986 0 12 7VDcELgY8Swl
52 8709668363648603879 0 22 XmiQVvTt4rPe5RdR4xYXB9
53 12377335655616062118 0 16 UpHdHCMgj7O7aHaR
54 10378145344664704687 0 14 RovWGYvKUUrfba
55 10259126898760473848 0 27 Qpif15LiChpkxNCGp0AJGgFYAhP
56 9474801540607282712 0 20 IxvgndJmgfTqKGbHenWR
57 5892031419237901730 0 17 gk2KxaVeyGuv9Yins
58 10039894338703379140 0 15 RVwIpCt7qedHPH0
59 15590523679078099102 0 26 bx04awLSrS1YFr1fMvx97oGwQr
60 11737323537408038905 0 32 p89Di5Bmf757yY6UlvTQHOLRU9fQZXZN
61 18362352961241645539 0 11 hYLmj6RqBWm
62 16886801660817866239 0 19 bHRWkrm9BBbIqzqLYDz
63 3108218233811947636 0 9 jK1SQQIav
64 16163692427480309014 0 25 HWJi22Ym9jxkzojp7F06TjRUB
65 16046472066714486995 0 28 tRPoUfKlLKnr7uY2eYqLNwbO247R
66 10327653261427334319 0 25 HHNieBAHTwdohUtc3vEbkYyg9
67 13293540988419442222 0 14 iBS8fjP3P1EYJi
68 12222372168335098717 0 27 wU9ONjRGw00UxgbHNmjVRQsUotj
69 4373973520890678469 0 8 APo4txTE
70 10483221870633817806 0 31 sUbrT3o9e5UQnxpBnIzfzLpO9uF5LTi
71 13750487619349788957 0 20 vH4OKqWywyMhw9sjRsOQ
72 12463110352468350412 0 8 CmL61ORS
73 12689309959045318500 0 24 cONfmhVGdPFx6B4xsWpFu0Rh
74 15635232583885445733 0 16 Vihu9nWX89HndWQ2
75 15524611476834995684 0 18 L7uQ4mutzmrQT9tAqn
76 1452405814020034116 0 21 cIoiR3W4Zw5KGCCeExW5w
77 6928610802801661578 0 29 wLm5Euu2BUKzCj0ioadrsr15VF21K
78 9093897569463861827 0 21 HEH1KWvCY6es3qb2XNa8C
79 5966008131192932480 0 8 zDVUSVTm
80 7793381829348952639 0 15 i1jkJFfTlk7blvB
81 10212978738510104626 0 18 SYLajmXwHzNlS7DB6u
82 84613748532708654 0 29 P8WqtGvV0rglHC5qtrNq6NBrnI2wP
83 5489917261863259909 0 13 pm3MbuaWPYN3K
84 8012005871840377345 0 29 EPT5EqtKB4CzNEtk9jWC377dcUCzW
85 7318908348737446448 0 18 cir5n5uhP5jZ26mwov
86 10510764622150506562 0 13 J6gOBH0dR09ta
87 11803102415694627269 0 32 kebnWGBZzkc4WWsQ9BWnah2aKUYSN7F6
88 14722367335744576967 0 29 qtF62o6nO8Hu0h1CBmkspKBJrbeyq
89 13344940722982147710 0 21 hfcwjekpP9vf1wM36YpqO
90 1883144516501605870 0 25 8Xvz8YvxIccsWLVH9sO4XNyuO
91 453024906884958981 0 21 QCuoo3Ki0SGwNWYxP5JsK
92 2569113591529343343 0 31 kgSG3R8QVYcOKQRc8R5ONQvuOIxf8H5
93 9079481089709654665 0 17 vV6wwEMQkyo3PFfVe
94 5513630808280630184 0 18 u09nuV3rAB6F1zk6vf
95 4668575502872012351 0 24 I51Gt2d6f9kO1iVocyrR80VL
96 10142544829218772052 0 20 U35QiOglPweRai6hTSi9
97 16855452711849006048 0 19 WmtLB1LfKK9OQX6mDsB
98 11106837644243938328 0 11 UagDgNe75n0
99 4878268689744059720 0 9 XuujtDMEX
100 14979419948711019849 0 32 cv1ghCYqK1Q0E5NqAQbAz94tqw4CAafk
101 13788455262123213154 1 
102 10483221870633817806 1 
103 9093897569463861827 0 13 9yQAATV0dublt
104 16514148491106728381 0 16 lYkpiuPMet042r11
105 9308031529062880207 2 
106 2671901700430263709 1 
107 4213899166034864225 1 
108 1846949052878835501 1 
109 1837673279726107308 0 12 TWfFON39unwa
110 14007738402606956794 2 
111 10039894338703379140 0 24 xLFmNGlIguQYVV01AFNWIWO5
112 16486930412726405320 1 
113 2034713000040990495 0 9 v3yqODcjR
114 15644370253004722511 2 
115 453024906884958981 0 18 Qelvcl4r8Y7dwC4sup
116 12527420537704915945 1 
117 1599030149171860129 0 9 J0E1Pa3Vq
118 10327653261427334319 1 
119 16855452711849006048 1 
120 4570937350297480922 1 
121 4878268689744059720 1 
122 10212978738510104626 1 
123 16514148491106728381 1 
124 4570937350297480922 1 
125 11737323537408038905 1 
126 10483221870633817806 1 
127 14007738402606956794 1 
128 5892031419237901730 1 
129 14007738402606956794 1 
130 4297007061211803392 1 
131 9079481089709654665 1 
132 16191613521810268250 1 
133 12630233429219212130 0 27 QgInPb9x14c3sT8ZC14si8pKQmO
134 453024906884958981 1 
135 11748412242739190809 1 
136 17975396104600964359 2 
137 11106837644243938328 1 
138 15209844583396883936 0 16 q4tp8VrzwxY8yaye
139 6327338327585746081 1 
140 2659272185130910336 1 
141 2884376006533331147 0 31 OJHLToaOlOTcEZ65Y2259yf7dMtaQRt
142 6619092648092412735 1 
143 18260287271590892479 0 27 8Cxibi62IKbON8PNDYMqdxAXVbw
144 10804771353258164452 0 20 fXWsUERAITSd2ryAEMLk
145 12288784447125270137 1 
146 1733858336281627878 0 14 dKs6vpUHU1nKTz
147 7928241184190807930 0 11 A6tDvpN7Bjr
148 10055348659453842696 1 
149 12854974968653909321 0 32 D5W9szOK0CdS9M5PX9Gk2657Fmy5f9Tr
150 887772038132532130 1 
151 453024906884958981 1 
152 9107987405165885925 1 
153 16285449821083658904 0 22 xYzPgMT3raKZbOeidPhg4o
154 6754816493643319862 1 
155 68900384990281157 0 28 8t47GQ2mQQQmtUbRmA2AmllBQQEE
156 9474801540607282712 1 
157 16955845415514722033 0 9 GlFglz6BO
158 12463110352468350412 1 
159 6926228367204767695 0 26 UeZWmMFXVdxjpTr19oHs1ye04n
160 18260287271590892479 1 
161 4230393375325529720 1 
162 13750487619349788957 1 
163 13177462213889998891 1 
164 6928610802801661578 1 
165 453024906884958981 1 
166 16486930412726405320 1 
167 3027674992678074606 1 
168 84613748532708654 2 
169 10327653261427334319 1 
170 2639073959419542501 2 
171 6928610802801661578 0 11 mV5k73muQhk
172 14578662580017575374 0 12 2Rur18t7pW9E
173 13788455262123213154 1 
174 1500674809024565545 0 9 GYGlbyqfk
175 14919580721409919065 0 32 STfSW4KL6QEBDiKSiywAFTQy2Oph8YiY
176 1837673279726107308 0 26 XQGqUg4gsl0KRxGbAhz8kNxPTT
177 5561087191976041432 0 31 VUw0uBrPpt3he315yGe8xdHhyC5SgDQ
178 11737323537408038905 1 
179 6558800036767298016 0 17 ZV0wLsz2U14azIE8F
180 5513630808280630184 1 
181 4867203621359624880 1 
182 8709668363648603879 1 
183 10259126898760473848 1 
184 16460912197977670373 1 
185 2103463648592067026 1 
186 3119546156844786489 2 
187 11748412242739190809 1 
188 1804854219053822156 0 12 PSQMnILonKsL
189 5129544056693611375 0 22 QNNlICGGQSR3kJ0ChSd3Gv
190 8491819650079769908 0 18 hs1z0ZNNu6e6MuVoKY
191 10039894338703379140 1 
192 18260287271590892479 1 
193 16941921096397968157 0 12 MLEGiGwN8wK8
194 8709668363648603879 0 20 Nl8U70zuKXRw3AE3XYGl
195 13344940722982147710 1 
196 11444779606977182729 0 27 dbvj4aDSLLuQKrKeOlYPunSRLgA
197 1562096542216354477 1 
198 12377335655616062118 2 
199 11748412242739190809 1 
200 10055348659453842696 2 
201 1804854219053822156 1 
202 11748412242739190809 0 25 4pIOgd12MZRGMsffYpChdIV4H
203 63978429464211693 1 
204 2034713000040990495 1 
205 887772038132532130 1 
206 3934098899412708854 1 
207 16402351408090498100 1 
208 11350607507962051789 0 12 zaC1wjRB4Joj
209 9079481089709654665 1 
210 591370840472064487 1 
211 10804771353258164452 1 
212 1657293720736984062 0 25 JS1qIjJzWcyhZYrYSaxbeEQM4
213 18430058849789102894 1 
214 18407867606969654598 1 
215 4180525790060666182 1 
216 10142544829218772052 1 
217 14578662580017575374 0 13 O9Gg6mG2RpaGL
218 1500674809024565545 1 
219 16514148491106728381 1 
220 6852942758585206765 0 30 2pZ236JSerIBDPRrVC7Xbu5sE6jXgC
221 10804771353258164452 1 
222 3027674992678074606 1 
223 15143679940750445164 0 15 i1TMqkV19vtd7y8
224 10378145344664704687 0 24 a5IHcwSecQEKRxLtH9dn8kgz
225 5513630808280630184 1 
226 1590909210913918643 2 
227 12463110352468350412 1 
228 10115972136684181633 0 29 2u0HUwj8Y7LqZIBQXI3IQlyQ9jMdB
229 1657293720736984062 1 
230 1373732103335577969 1 
231 1034872509327155565 1 
232 5573638334646839640 1 
233 12689309959045318500 0 22 CdlJybqEkGk0H0O3zmAg8n
234 3970418134973235525 2 
235 7318908348737446448 0 30 IPXnchPLyLupYc3IaJIyKFlSwrFn7J
236 2674779325176798116 0 10 NBI4ab0vVp
237 7318908348737446448 1 
238 11656362129185648319 2 
239 14367474194864993720 0 26 80bQDMs9C7vJQlg66rM8Px8JQw
240 15563501214295877206 0 13 nU8tSjJf4BnGG
241 3027674992678074606 0 28 TFiZ54hU1pnPjYsU00NShe5lpsz3
242 1883144516501605870 1 
243 14007738402606956794 0 20 PYrRDJQ37pkdfFdfc3LH
244 1216747823925116136 1 
245 4373973520890678469 1 
246 17282560577895427498 2 
247 7399368907241498083 0 18 ZcnZMD7DcLX3Mcq6FW
248 13788455262123213154 0 19 wtUDzZFydNWDB5aMCly
249 11350607507962051789 1 
250 14809880788575838394 0 8 qqw5MHvV
251 12689309959045318500 1 
252 10210688340280286747 1 
253 13750487619349788957 1 
254 17062597301839257436 0 24 8zGLAJtUUfRztQpkGlnc2h6E
255 17854031271252298266 0 9 FbEyjCC2K
256 7318908348737446448 1 
257 4373973520890678469 1 
258 5892031419237901730 1 
259 18236261264888319177 0 25 emAtXwTYdZk6dKKCXIvjSw3yq
260 453024906884958981 1 
261 14111031823900791339 1 
262 17062597301839257436 1 
263 12854974968653909321 1 
264 4373973520890678469 1 
265 14843189218758897278 0 9 s3gVdObGg
266 5513630808280630184 2 
267 3027674992678074606 1 
268 17854031271252298266 1 
269 4286088428720954536 1 
270 8491819650079769908 1 
271 11495487428253855101 0 26 VTpNFYzB871BlWm951ozSz8muk
272 14919580721409919065 2 
273 7318908348737446448 1 
274 16941921096397968157 1 
275 16377212998094034633 1 
276 8440413554683828425 1 
277 1909020206917638213 1 
278 14843189218758897278 1 
279 15881059486881925407 0 21 BvSv3VwrSMqb9iJAWcF5O
280 2884376006533331147 1 
281 5695450145623365034 1 
282 14353734311790355049 0 29 cTNmPWhpQkLMbnjSMq8gyfIBkhyCC
283 10259126898760473848 0 23 yuYLOGBoyU9aFq0cg8GclYn
284 5513630808280630184 2 
285 13788455262123213154 2 
286 68900384990281157 1 
287 4286088428720954536 1 
288 14420416862750651183 2 
289 9269623771265833067 0 12 VvgJtASRQIR0
290 4286088428720954536 1 
291 13788455262123213154 1 
292 12630233429219212130 2 
293 2593221228606282471 0 9 03VMHhURo
294 15588370222529752276 0 29 J6bayk3P8Jp8ENMmg84T68wSNcxnQ
295 6882956294666850462 0 11 hBJH93IYBaN
296 84613748532708654 1 
297 8148066726826829156 1 
298 15524611476834995684 1 
299 14578662580017575374 0 8 qqllH6NC
300 6882956294666850462 1 
301 1084124456949894532 0 24 SRvjaw078aSNO9zwWjZKXI3m
302 2299330434437097293 0 29 yGBDsbenLDjLIpviDHrCDNtngQ3jB
303 1909020206917638213 1 
304 7399368907241498083 1 
305 16046472066714486995 1 
306 1196667845365459766 2 
307 15209844583396883936 1 
308 6928610802801661578 0 22 3VSrOA2f2CsN5d3Thne7vk
309 6739541390794419505 0 25 4N33jFDlkda8ocnooeBrHDIw0
310 16486930412726405320 1 
311 6926228367204767695 0 17 3jG7lxMwg5aGDMszA
312 9093897569463861827 2 
313 11444779606977182729 1 
314 16941921096397968157 1 
315 84613748532708654 1 
316 5465356803503715610 0 14 tNIjRzzWkvqfbv
317 6928610802801661578 1 
318 3196280671705303440 0 13 i4jLh2mXZWM59
319 9107308988548344797 1 
320 1733858336281627878 0 20 qPuM7nAmP4zF9YvDFGsI
321 14353734311790355049 1 
322 18260287271590892479 1 
323 17000510141451961238 1 
324 5335252618861197964 1 
325 10421634995711392057 1 
326 8727985637324325175 1 
327 1562096542216354477 1 
328 10378145344664704687 1 
329 3504581796005810387 1 
330 6064882317680043833 1 
331 1562096542216354477 1 
332 10349418295150071999 1 
333 15941248420903821079 0 27 pp425IuLJHCp14SvOUlVwSxTzZm
334 9093897569463861827 1 
335 4286088428720954536 0 22 t34wLwHfDRSDTu8pOrLIIG
336 12463110352468350412 0 28 W54Z44Q58MR2b4D2UQUOWJkMc3es
337 9474801540607282712 1 
338 10259126898760473848 2 
339 10710356807815300475 1 
340 1562096542216354477 1 
341 18303324611142159222 1 
342 15171617952399039385 0 22 rbVtCX7D1VfN0y8KZ9wPvn
343 15941248420903821079 1 
344 18236261264888319177 1 
345 14809880788575838394 1 
346 16402351408090498100 1 
347 16742753208907062145 1 
348 17191802714097121277 1 
349 12965215413055176859 2 
350 18121595909334333327 0 17 ODnrsBrqJ9NS5nLsq
351 14809880788575838394 1 
352 8491819650079769908 0 18 8m3YbKnb69ot0g4qVN
353 17212023817128181402 0 26 n5d7xTcX66oCsriR9V3Fep9fWD
354 1733858336281627878 2 
355 12630233429219212130 1 
356 5489917261863259909 1 
357 3653709723267482480 0 9 PTy2y28mF
358 10201934402438132412 0 12 xNlTO17E8kiL
359 12481165177821364903 1 
360 5892031419237901730 1 
361 9835041111977995447 1 
362 14979419948711019849 0 15 3ac2ab2iLHevD0f
363 8275361014947024921 1 
364 17212023817128181402 1 
365 6852942758585206765 1 
366 6151523391662621986 1 
367 3544265540263262602 0 22 1yLa7Vdh7dIggy0vbt8bYm
368 13701800809175608098 0 12 WYy0q4hq01O7
369 10483221870633817806 1 
370 10483221870633817806 1 
371 13788455262123213154 1 
372 10142544829218772052 2 
373 13750487619349788957 1 
374 12377335655616062118 1 
375 16374340438813472410 1 
376 1804854219053822156 1 
377 16683208177149864474 0 32 8sbgrbVvHLvIh0mgoNHrdYsrjUz2ff5n
378 10055348659453842696 1 
379 6315059184605458510 1 
380 4373973520890678469 1 
381 1954637003647967101 0 27 G8lx8XdvtvmUReKA8JCnwGYRx0m
382 15881059486881925407 1 
383 9833355250800850762 0 28 DAQ8GwkBndxF4ZZDhqNSmdzCYzyk
384 16955845415514722033 0 31 85nFMjzVUcRke0Jrg8F6ss54R5090yW
385 14367474194864993720 1 
386 13713482689053954861 1 
387 1657293720736984062 2 
388 13344940722982147710 1 
389 4754912509067532371 0 17 KDXKVM0dZ5TSAYrDW
390 1733858336281627878 1 
391 2034713000040990495 1 
392 15732124974877501648 0 8 jdviuoCm
393 12293680517778476779 0 11 HRsePTDUvdf
394 17191802714097121277 1 
395 1562096542216354477 1 
396 15590523679078099102 1 
397 11350607507962051789 1 
398 5489917261863259909 1 
399 9213094239506043837 2 
400 4344873440128640973 0 24 IpgScmqtDgVd8j73KkUnZRDb
401 229762348085610840 0 29 vpeqfueLNE7D5Jtbw1I12ckWNJwZs
402 11444779606977182729 0 24 bFbG9DZWRehXvb8raOrbyZ7M
403 1909020206917638213 1 
404 6667797162371644908 0 19 nWTOl4csI9Phl6EhfKW
405 17276866166298102772 0 18 Npfuu1kwwQjSt5Byf3
406 8727985637324325175 1 
407 14941850452365509831 0 28 XV8E8QlM769m12njyhAf71iIzLJB
408 12630233429219212130 1 
409 7675446517631790829 2 
410 6315059184605458510 1 
411 16274893336459096146 1 
412 14367474194864993720 1 
413 11495487428253855101 2 
414 3034101399032476541 0 16 gpSfrDPnuXQ1Y8HW
415 3034101399032476541 1 
416 6315059184605458510 0 27 iDWt4rTeX9KLc0ApNwksMjOTzuu
417 15524611476834995684 1 
418 12293680517778476779 2 
419 6832634849889340049 0 21 NAgCdKkmc3MaDCv7ulUbA
420 5436312272531510544 0 27 pAaI1ruMzaZasHKTKh3Vrxdli5M
421 6852942758585206765 1 
422 1804854219053822156 1 
423 6151523391662621986 1 
424 14353734311790355049 2 
425 13177462213889998891 1 
426 16941921096397968157 1 
427 5561087191976041432 2 
428 10210688340280286747 1 
429 10259126898760473848 1 
430 12101329839422909198 0 16 Vny1ctcLZhhQhaHU
431 68900384990281157 1 
432 13701800809175608098 2 
433 14891727596528960372 1 
434 5966008131192932480 1 
435 3027674992678074606 1 
436 1084124456949894532 0 23 6YmrUlTLNou4TIj4ZDiIoPH
437 10483221870633817806 1 
438 1599030149171860129 0 29 RAnXgZM8KpTfdOj7gQ9GdrWRGlolC
439 18397049964504518723 1 
440 1662232805596137275 0 32 U598eWHwLkbx6I2niB1J2VjGGVzSpH4J
441 887772038132532130 1 
442 747596618788749721 0 9 igs3RRyVj
443 15941248420903821079 1 
444 13713482689053954861 1 
445 15881059486881925407 1 
446 17966051492972549986 1 
447 1837673279726107308 1 
448 9269623771265833067 0 14 TkiX13lRzT7sVW
449 4754912509067532371 1 
450 16285449821083658904 1 
451 8841988782680917151 1 
452 9020000836575798 2 
453 3027674992678074606 0 11 7nKXELTdoDK
454 12849482315551762476 1 
455 10510764622150506562 1 
456 2925694633141074590 0 19 MWlCzGWRGXtYvU61HPY
457 16377212998094034633 1 
458 5436312272531510544 0 9 DRpQmu47P
459 15171617952399039385 1 
460 17718153373813785401 0 20 nnJIgsEBwDQLlu3j0ZuP
461 10115972136684181633 0 12 HOHgBY3DMqWe
462 8564581010551391201 1 
463 16402351408090498100 1 
464 14255716517775109704 1 
465 253388056761048173 0 12 6enzgWzFQOei
466 13896394432962292395 0 13 4naDMdQgSxIzJ
467 7399368907241498083 1 
468 14919580721409919065 1 
469 12439545105201177268 0 29 vgvRf8p2lXYfbMFpgrFKJCcGUjt6s
470 15563501214295877206 1 
471 9269623771265833067 1 
472 1599030149171860129 1 
473 16941921096397968157 1 
474 16855452711849006048 1 
475 16402351408090498100 1 
476 14578662580017575374 1 
477 16941921096397968157 0 27 wRnCj6MLKq3BvvkCgzPtpiuioS9
478 3108218233811947636 1 
479 10327653261427334319 1 
480 7747293893511269531 1 
481 6151523391662621986 1 
482 1909020206917638213 1 
483 15635232583885445733 1 
484 7928241184190807930 2 
485 18303324611142159222 1 
486 13896394432962292395 1 
487 12293680517778476779 1 
488 13344940722982147710 2 
489 10259126898760473848 0 11 M3f2p7BKh3o
490 6746994357718651699 2 
491 1846949052878835501 2 
492 8012005871840377345 1 
493 2469930102105553871 0 24 d0oyqYDNX5ustEuWGjeP4JQq
494 68900384990281157 1 
495 10510764622150506562 1 
496 11444779606977182729 0 29 bE9Z4flPCqJ3hVxEjeq8i7WWdEN0E
497 9728751837969095763 0 21 qnRPp78EHzWIe1FsjsgrY
498 12527420537704915945 1 
499 6064882317680043833 1 
500 3653709723267482480 1 
501 10327653261427334319 1 
502 18236261264888319177 1 
503 4621522448493139092 0 20 60ZD9oT6KlkJzb2rFsN3
504 9833355250800850762 1 
505 12506487340857847360 0 32 tobqVCdZDClKyEQIx8auhcjxU7ygZNVQ
506 6493387733407138938 0 20 HeHsES2zm1BAH8Gp3ySm
507 1774202267740120000 1 
508 9014377754018405319 1 
509 15830753608025778593 0 19 bRC4pM640LwCnx9ZyIj
510 8992688983580599180 0 17 y3QuTAnL4cuTowGA3
511 4621522448493139092 0 9 HJCCRj8jR
512 9028327401825305662 1 
513 2569113591529343343 1 
514 18362352961241645539 1 
515 5489917261863259909 1 
516 5155124707319246745 0 10 9jg4CS0Sd3
517 4754912509067532371 1 
518 15348909643452953653 1 
519 11737323537408038905 1 
520 3108218233811947636 1 
521 9225534441541594496 1 
522 2333537960510105051 1 
523 11350607507962051789 2 
524 18121595909334333327 0 21 73nQrSU0BA4Nb3nC4ZwUa
525 5753219342074178375 0 19 nOM7W4nkCqVcfx5e8Di
526 12892074126395189392 1 
527 14722367335744576967 1 
528 14578662580017575374 0 21 ouIMqL7ChFil2SxrwYWtd
529 13293540988419442222 1 
530 9309237440098294535 1 
531 8709668363648603879 1 
532 7318908348737446448 1 
533 15588370222529752276 1 
534 17854031271252298266 1 
535 18260287271590892479 1 
536 13569447865663138714 1 
537 10351282373923286287 1 
538 13177462213889998891 0 32 BEODeK2aqXURfUFUzs5iURC043K2zqfA
539 15002692413957799507 0 18 LiMMHCtjbYDq3Ah6q9
540 8709668363648603879 1 
541 5794411953731006519 1 
542 6315059184605458510 1 
543 6151523391662621986 1 
544 9093897569463861827 2 
545 6852942758585206765 1 
546 2130279912927615875 0 13 SzaoGkhzLEA9F
547 10349418295150071999 1 
548 14843189218758897278 2 
549 14578662580017575374 1 
550 68900384990281157 1 
551 4169246393969413148 0 22 VtHk5O3Jr1tfHdLFwXP5mi
552 5361032564727594278 0 16 urp6wALP1a84z9Nq
553 6882956294666850462 1 
554 13344940722982147710 1 
555 14578662580017575374 1 
556 1733858336281627878 2 
557 15121482516048744771 1 
558 18379158573433327157 0 17 7liAfayjU84t7f1Bc
559 15123152962292264336 0 8 SLkxjZmO
560 10210688340280286747 1 
561 14041280398749863066 2 
562 11718207154629745445 0 26 ApLnPJUtPZkWCmfovBEEt9ySvK
563 2389391555283444040 0 22 jrEteXe3r9uGgclqMQcHaq
564 3317914061808992976 1 
565 16765357059217431358 0 21 QutkcsUR4L5by6S5yjlbS
566 503786701973942604 1 
567 15695867104157652811 0 14 DOzhqw7inpKdJm
568 5513630808280630184 2 
569 16886801660817866239 2 
570 14922071985360407280 0 24 jeuQPVswTj5e72LxwQfkFyNX
571 15563501214295877206 0 14 XKhT3LOUitKeK1
572 7399368907241498083 1 
573 13896394432962292395 1 
574 16683208177149864474 1 
575 8012005871840377345 1 
576 11444779606977182729 0 31 elQMmYt6DN9WlbEcwqxvXv4ED7tsnHl
577 14176559639488611007 2 
578 453024906884958981 1 
579 16046472066714486995 1 
580 16742753208907062145 1 
581 15881059486881925407 1 
582 4676116697836496 1 
583 13087659528122331625 0 31 iZcLTQIOvBR9MW1DJIyiG8T2p5sk3p8
584 16683208177149864474 1 
585 4344873440128640973 1 
586 2674779325176798116 1 
587 5489917261863259909 1 
588 3829686132321963745 0 25 dCs9D3QT26jAXjxaZhdPoPlXT
589 2671901700430263709 1 
590 14941850452365509831 2 
591 5489917261863259909 0 17 sCT5GtZGzGOU0L4Z1
592 4337980177082675086 0 22 n5gIYFwOyciKUtnX7e6NbL
593 12800000592862513222 1 
594 16886801660817866239 1 
595 16742753208907062145 1 
596 15635232583885445733 1 
597 13155174168512447532 0 10 quV8Tk5pif
598 10804771353258164452 1 
599 10349418295150071999 1 
600 4754912509067532371 0 31 Plr06a3PeCHi06YubhNJkBzPhzW6kAa
601 4621522448493139092 1 
602 9833355250800850762 1 
603 17062597301839257436 1 
604 1940147330919087467 1 
605 17718153373813785401 1 
606 9864382037242867658 0 12 LLiuFIZbbHmb
607 13995316291282667642 0 17 aAXJK7SEYYBZiWC18
608 13896394432962292395 1 
609 3396548964869581417 1 
